4294967294,0
4294967279,0
4294967279,260
4294967279,312
0,5
4294967278,132
4294967278,131
4294967278,130
4294967278,129
4294967278,128
4294967278,127
4294967278,255
4294967278,126
4294967278,125
4294967278,124
4294967278,123
4294967278,252
4294967278,122
4294967278,121
4294967278,120
4294967278,119
4294967278,118
4294967278,243
4294967278,117
4294967278,241
4294967278,116
4294967278,239
4294967278,115
4294967278,335
4294967278,114
4294967278,113
4294967278,112
4294967278,111
4294967278,110
4294967278,109
4294967278,108
4294967278,107
4294967278,106
4294967278,221
4294967278,105
4294967278,219
4294967278,104
4294967278,103
4294967278,0
4294967278,215
4294967278,102
4294967278,101
4294967278,100
4294967278,99
4294967278,98
4294967278,97
4294967278,96
4294967278,95
4294967278,94
4294967278,382
4294967278,93
4294967278,92
4294967278,330
4294967278,91
4294967278,329
4294967278,90
4294967278,89
4294967278,327
4294967278,87
4294967278,86
4294967278,85
4294967278,84
4294967278,83
4294967278,82
4294967278,357
4294967278,81
4294967278,373
4294967278,80
4294967278,324
4294967278,79
4294967278,323
4294967278,78
4294967278,77
4294967278,76
4294967278,75
4294967278,74
4294967278,73
4294967278,72
4294967278,355
4294967278,71
4294967278,70
4294967278,69
4294967278,68
4294967278,67
4294967278,353
4294967278,66
4294967278,369
4294967278,65
4294967278,64
4294967278,63
4294967278,394
4294967279,327
4294967279,83
4294967279,316
4294967279,80
4294967279,78
4294967279,75
4294967279,73
4294967279,72
4294967279,66
4294967279,65
4294967279,64
4294967279,62
4294967279,61
4294967279,306
4294967279,59
4294967279,325
4294967279,56
4294967279,53
4294967279,50
4294967279,49
4294967279,47
4294967279,44
4294967279,42
4294967279,41
4294967279,302
4294967279,39
4294967279,34
4294967279,287
4294967279,32
4294967279,299
4294967279,31
4294967279,29
4294967279,285
4294967279,24
4294967279,22
4294967279,21
4294967279,19
4294967279,296
4294967279,216
4294967279,533
4294967279,538
4294967279,324
4294967279,305
4294967279,294
4294967279,293
4294967279,8
4294967279,274
4294967279,7
4294967279,551
4294967279,6
4294967279,5
4294967279,4
4294967294,7
4294967278,62
4294967294,6
124,5
124,4
124,3
124,2
124,1
4294967279,329
123,6
123,5
123,4
123,3
123,2
123,1
4294967294,1418
4294967278,393
120,5
120,4
120,3
120,2
120,1
4294967278,392
116,6
116,5
116,4
116,3
116,2
116,1
4294967278,391
4294967279,326
4294967278,390
113,6
113,5
113,4
113,3
113,2
113,1
110,4
110,3
110,2
110,1
109,4
109,3
109,2
109,1
108,6
108,5
108,4
108,3
108,2
108,1
4294967278,389
107,5
107,4
107,3
107,2
107,1
106,4
106,3
106,2
106,1
4294967278,388
4294967278,387
4294967278,386
4294967278,385
4294967279,328
4294967293,131
4294967293,130
4294967293,129
4294967293,128
4294967293,127
4294967293,126
4294967293,125
4294967293,124
4294967293,123
4294967293,122
4294967293,121
4294967293,120
4294967293,119
4294967293,118
4294967293,117
4294967293,116
4294967293,115
4294967293,114
4294967293,113
4294967293,112
4294967293,111
4294967293,110
4294967293,109
4294967293,108
4294967293,107
4294967293,106
4294967293,105
4294967293,104
4294967293,103
4294967293,102
4294967293,101
4294967293,100
4294967293,99
4294967293,98
4294967293,97
4294967293,96
4294967293,95
4294967293,94
4294967293,93
4294967293,92
4294967293,91
4294967293,90
4294967293,89
4294967293,88
4294967293,87
4294967293,86
4294967293,85
4294967293,84
4294967293,83
4294967293,82
4294967293,81
4294967293,80
4294967293,79
4294967293,78
4294967293,77
4294967293,76
4294967293,75
4294967293,74
4294967293,73
4294967293,72
4294967293,71
4294967293,70
4294967293,69
4294967293,68
4294967293,67
4294967293,66
4294967293,65
4294967293,64
4294967293,63
4294967293,62
4294967293,61
4294967293,60
4294967293,59
4294967293,58
4294967293,57
4294967293,56
4294967293,55
4294967293,54
4294967293,53
4294967293,52
4294967293,51
4294967293,50
4294967293,49
4294967293,48
4294967293,47
4294967293,46
4294967293,45
4294967293,44
4294967293,43
4294967293,42
4294967293,41
4294967293,40
4294967293,39
4294967293,38
4294967293,37
4294967293,36
4294967293,35
4294967293,34
4294967293,33
4294967293,32
4294967293,31
4294967293,30
4294967293,29
4294967293,28
4294967293,27
4294967293,26
